%YAML:1.0
names:
   - BroadLeaved_300
   - BroadLeaved_299
   - BroadLeaved_298
   - BroadLeaved_297
   - BroadLeaved_296
   - BroadLeaved_295
   - BroadLeaved_294
   - BroadLeaved_293
   - BroadLeaved_292
   - BroadLeaved_291
   - BroadLeaved_290
   - BroadLeaved_289
   - BroadLeaved_288
   - BroadLeaved_287
   - BroadLeaved_286
   - BroadLeaved_285
   - BroadLeaved_284
   - BroadLeaved_283
   - BroadLeaved_282
   - BroadLeaved_281
   - BroadLeaved_280
   - BroadLeaved_279
   - BroadLeaved_278
   - BroadLeaved_277
   - BroadLeaved_276
   - BroadLeaved_275
   - BroadLeaved_274
   - BroadLeaved_273
   - BroadLeaved_272
   - BroadLeaved_271
   - BroadLeaved_270
   - BroadLeaved_269
   - BroadLeaved_268
   - BroadLeaved_267
   - BroadLeaved_266
   - BroadLeaved_265
   - BroadLeaved_264
   - BroadLeaved_263
   - BroadLeaved_262
   - BroadLeaved_261
   - BroadLeaved_260
   - BroadLeaved_259
   - BroadLeaved_258
   - BroadLeaved_257
   - BroadLeaved_256
   - BroadLeaved_255
   - BroadLeaved_254
   - BroadLeaved_253
   - BroadLeaved_252
   - BroadLeaved_251
   - BroadLeaved_250
   - BroadLeaved_249
   - BroadLeaved_248
   - BroadLeaved_247
   - BroadLeaved_246
   - BroadLeaved_245
   - BroadLeaved_244
   - BroadLeaved_243
   - BroadLeaved_242
   - BroadLeaved_241
   - BroadLeaved_240
   - BroadLeaved_239
   - BroadLeaved_238
   - BroadLeaved_237
   - BroadLeaved_236
   - BroadLeaved_235
   - BroadLeaved_234
   - BroadLeaved_233
   - BroadLeaved_232
   - BroadLeaved_231
   - BroadLeaved_230
   - BroadLeaved_229
   - BroadLeaved_228
   - BroadLeaved_227
   - BroadLeaved_226
   - BroadLeaved_225
   - BroadLeaved_224
   - BroadLeaved_223
   - BroadLeaved_222
   - BroadLeaved_221
   - BroadLeaved_220
   - BroadLeaved_219
   - BroadLeaved_218
   - BroadLeaved_217
   - BroadLeaved_216
   - BroadLeaved_215
   - BroadLeaved_214
   - BroadLeaved_213
   - BroadLeaved_212
   - BroadLeaved_211
   - BroadLeaved_210
   - BroadLeaved_209
   - BroadLeaved_208
   - BroadLeaved_207
   - BroadLeaved_206
   - BroadLeaved_205
   - BroadLeaved_204
   - BroadLeaved_203
   - BroadLeaved_202
   - BroadLeaved_201
   - BroadLeaved_200
   - BroadLeaved_199
   - BroadLeaved_198
   - BroadLeaved_197
   - BroadLeaved_196
   - BroadLeaved_195
   - BroadLeaved_194
   - BroadLeaved_193
   - BroadLeaved_192
   - BroadLeaved_191
   - BroadLeaved_190
   - BroadLeaved_189
   - BroadLeaved_188
   - BroadLeaved_187
   - BroadLeaved_186
   - BroadLeaved_185
   - BroadLeaved_184
   - BroadLeaved_183
   - BroadLeaved_182
   - BroadLeaved_181
   - BroadLeaved_180
   - BroadLeaved_179
   - BroadLeaved_178
   - BroadLeaved_177
   - BroadLeaved_176
   - BroadLeaved_175
   - BroadLeaved_174
   - BroadLeaved_173
   - BroadLeaved_172
   - BroadLeaved_171
   - BroadLeaved_170
   - BroadLeaved_169
   - BroadLeaved_168
   - BroadLeaved_167
   - BroadLeaved_166
   - BroadLeaved_165
   - BroadLeaved_164
   - BroadLeaved_163
   - BroadLeaved_162
   - BroadLeaved_161
   - BroadLeaved_160
   - BroadLeaved_159
   - BroadLeaved_158
   - BroadLeaved_157
   - BroadLeaved_156
   - BroadLeaved_155
   - BroadLeaved_154
   - BroadLeaved_153
   - BroadLeaved_152
   - BroadLeaved_151
   - BroadLeaved_150
   - BroadLeaved_149
   - BroadLeaved_148
   - BroadLeaved_147
   - BroadLeaved_146
   - BroadLeaved_145
   - BroadLeaved_144
   - BroadLeaved_143
   - BroadLeaved_142
   - BroadLeaved_141
   - BroadLeaved_140
   - BroadLeaved_139
   - BroadLeaved_138
   - BroadLeaved_137
   - BroadLeaved_136
   - BroadLeaved_135
   - BroadLeaved_134
   - BroadLeaved_133
   - BroadLeaved_132
   - BroadLeaved_131
   - BroadLeaved_130
   - BroadLeaved_129
   - BroadLeaved_128
   - BroadLeaved_127
   - BroadLeaved_126
   - BroadLeaved_125
   - BroadLeaved_124
   - BroadLeaved_123
   - BroadLeaved_122
   - BroadLeaved_121
   - BroadLeaved_120
   - BroadLeaved_119
   - BroadLeaved_118
   - BroadLeaved_117
   - BroadLeaved_116
   - BroadLeaved_115
   - BroadLeaved_114
   - BroadLeaved_113
   - BroadLeaved_112
   - BroadLeaved_111
   - BroadLeaved_110
   - BroadLeaved_109
   - BroadLeaved_108
   - BroadLeaved_107
   - BroadLeaved_106
   - BroadLeaved_105
   - BroadLeaved_104
   - BroadLeaved_103
   - BroadLeaved_102
   - BroadLeaved_101
   - BroadLeaved_100
   - BroadLeaved_099
   - BroadLeaved_098
   - BroadLeaved_097
   - BroadLeaved_096
   - BroadLeaved_095
   - BroadLeaved_094
   - BroadLeaved_093
   - BroadLeaved_092
   - BroadLeaved_091
   - BroadLeaved_090
   - BroadLeaved_089
   - BroadLeaved_088
   - BroadLeaved_087
   - BroadLeaved_086
   - BroadLeaved_085
   - BroadLeaved_084
   - BroadLeaved_083
   - BroadLeaved_082
   - BroadLeaved_081
   - BroadLeaved_080
   - BroadLeaved_079
   - BroadLeaved_078
   - BroadLeaved_077
   - BroadLeaved_076
   - BroadLeaved_075
   - BroadLeaved_074
   - BroadLeaved_073
   - BroadLeaved_072
   - BroadLeaved_071
   - BroadLeaved_070
   - BroadLeaved_069
   - BroadLeaved_068
   - BroadLeaved_067
   - BroadLeaved_066
   - BroadLeaved_065
   - BroadLeaved_064
   - BroadLeaved_063
   - BroadLeaved_062
   - BroadLeaved_061
   - BroadLeaved_060
   - BroadLeaved_059
   - BroadLeaved_058
   - BroadLeaved_057
   - BroadLeaved_056
   - BroadLeaved_055
   - BroadLeaved_054
   - BroadLeaved_053
   - BroadLeaved_052
   - BroadLeaved_051
   - BroadLeaved_050
   - BroadLeaved_049
   - BroadLeaved_048
   - BroadLeaved_047
   - BroadLeaved_046
   - BroadLeaved_045
   - BroadLeaved_044
   - BroadLeaved_043
   - BroadLeaved_042
   - BroadLeaved_041
   - BroadLeaved_040
   - BroadLeaved_039
   - BroadLeaved_038
   - BroadLeaved_037
   - BroadLeaved_036
   - BroadLeaved_035
   - BroadLeaved_034
   - BroadLeaved_033
   - BroadLeaved_032
   - BroadLeaved_031
   - BroadLeaved_030
   - BroadLeaved_029
   - BroadLeaved_028
   - BroadLeaved_027
   - BroadLeaved_026
   - BroadLeaved_025
   - BroadLeaved_024
   - BroadLeaved_023
   - BroadLeaved_022
   - BroadLeaved_021
   - BroadLeaved_020
   - BroadLeaved_019
   - BroadLeaved_018
   - BroadLeaved_017
   - BroadLeaved_016
   - BroadLeaved_015
   - BroadLeaved_014
   - BroadLeaved_013
   - BroadLeaved_012
   - BroadLeaved_011
   - BroadLeaved_010
   - BroadLeaved_009
   - BroadLeaved_008
   - BroadLeaved_007
   - BroadLeaved_006
   - BroadLeaved_005
   - BroadLeaved_004
   - BroadLeaved_003
   - BroadLeaved_002
   - BroadLeaved_001
   - Bench_broken
   - Cabin_broken
   - River
   - Mountains
   - Avalanche
   - Pylon_004
   - Pylon_003
   - Pylon_002
   - Pylon_001
   - Pylon
   - Pylon_broken
BroadLeaved_300:
   type: broad_leaved_tree
   width: 1.
   height: 1.
   depth: 1.
   transform: !!opencv-matrix
      rows: 4
      cols: 4
      dt: d
      data: [ 1., 0., 0., 8.9427078247070312e+01, 0.,
          9.8625439126044512e-01, 1.6523399949073792e-01,
          9.2216148376464844e+01, 0., -1.6523399949073792e-01,
          9.8625439126044512e-01, -1.6292625427246094e+01, 0., 0., 0.,
          1. ]
BroadLeaved_299:
   type: broad_leaved_tree
   width: 1.
   height: 1.
   depth: 1.
   transform: !!opencv-matrix
      rows: 4
      cols: 4
      dt: d
      data: [ 1., 0., 0., 8.9112243652343750e+01, 0.,
          -6.4385175704956055e-02, 9.9792504310607910e-01,
          9.0947509765625000e+01, 0., -9.9792504310607910e-01,
          -6.4385175704956055e-02, -1.6103637695312500e+01, 0., 0., 0.,
          1. ]
BroadLeaved_298:
   type: broad_leaved_tree
   width: 1.
   height: 1.
   depth: 1.
   transform: !!opencv-matrix
      rows: 4
      cols: 4
      dt: d
      data: [ 1., 0., 0., 8.3913871765136719e+01, 0.,
          3.7722826004028320e-02, 9.9928820133209229e-01,
          9.1992538452148438e+01, 0., -9.9928820133209229e-01,
          3.7722826004028320e-02, -1.6343090057373047e+01, 0., 0., 0.,
          1. ]
BroadLeaved_297:
   type: broad_leaved_tree
   width: 1.
   height: 1.
   depth: 1.
   transform: !!opencv-matrix
      rows: 4
      cols: 4
      dt: d
      data: [ 1., 0., 0., 8.6083145141601562e+01, 0.,
          9.9974266937351786e-01, -2.2684687748551369e-02,
          9.1457321166992188e+01, 0., 2.2684687748551369e-02,
          9.9974266937351786e-01, -1.6468086242675781e+01, 0., 0., 0.,
          1. ]
BroadLeaved_296:
   type: broad_leaved_tree
   width: 1.
   height: 1.
   depth: 1.
   transform: !!opencv-matrix
      rows: 4
      cols: 4
      dt: d
      data: [ 1., 0., 0., 8.5030616760253906e+01, 0.,
          -4.9813270568847656e-02, 9.9875849485397339e-01,
          8.2784240722656250e+01, 0., -9.9875849485397339e-01,
          -4.9813270568847656e-02, -1.3750694274902344e+01, 0., 0., 0.,
          1. ]
BroadLeaved_295:
   type: broad_leaved_tree
   width: 1.
   height: 1.
   depth: 1.
   transform: !!opencv-matrix
      rows: 4
      cols: 4
      dt: d
      data: [ 1., 0., 0., 8.7514732360839844e+01, 0.,
          1.8680322170257568e-01, -9.8239731788635254e-01,
          8.3517669677734375e+01, 0., 9.8239731788635254e-01,
          1.8680322170257568e-01, -1.4237593650817871e+01, 0., 0., 0.,
          1. ]
BroadLeaved_294:
   type: broad_leaved_tree
   width: 1.
   height: 1.
   depth: 1.
   transform: !!opencv-matrix
      rows: 4
      cols: 4
      dt: d
      data: [ 1., 0., 0., 7.9971252441406250e+01, 0.,
          -9.1898560523986816e-02, 9.9576830863952637e-01,
          9.4246398925781250e+01, 0., -9.9576830863952637e-01,
          -9.1898560523986816e-02, -1.7394153594970703e+01, 0., 0., 0.,
          1. ]
BroadLeaved_293:
   type: broad_leaved_tree
   width: 1.
   height: 1.
   depth: 1.
   transform: !!opencv-matrix
      rows: 4
      cols: 4
      dt: d
      data: [ 1., 0., 0., 8.0948982238769531e+01, 0.,
          6.6606849431991577e-01, 7.4589055776596069e-01,
          9.0947509765625000e+01, 0., -7.4589055776596069e-01,
          6.6606849431991577e-01, -1.6366384506225586e+01, 0., 0., 0.,
          1. ]
BroadLeaved_292:
   type: broad_leaved_tree
   width: 1.
   height: 1.
   depth: 1.
   transform: !!opencv-matrix
      rows: 4
      cols: 4
      dt: d
      data: [ 1., 0., 0., 7.9747642517089844e+01, 0.,
          -7.5659906864166260e-01, 6.5387904644012451e-01,
          8.7514724731445312e+01, 0., -6.5387904644012451e-01,
          -7.5659906864166260e-01, -1.5751153945922852e+01, 0., 0., 0.,
          1. ]
BroadLeaved_291:
   type: broad_leaved_tree
   width: 1.
   height: 1.
   depth: 1.
   transform: !!opencv-matrix
      rows: 4
      cols: 4
      dt: d
      data: [ 1., 0., 0., 8.2001510620117188e+01, 0.,
          -5.3993380069732666e-01, 8.4170746803283691e-01,
          8.7375686645507812e+01, 0., -8.4170746803283691e-01,
          -5.3993380069732666e-01, -1.5163013458251953e+01, 0., 0., 0.,
          1. ]
BroadLeaved_290:
   type: broad_leaved_tree
   width: 1.
   height: 1.
   depth: 1.
   transform: !!opencv-matrix
      rows: 4
      cols: 4
      dt: d
      data: [ 1., 0., 0., 8.0948982238769531e+01, 0.,
          2.8015512228012085e-01, 9.5995473861694336e-01,
          8.2784240722656250e+01, 0., -9.5995473861694336e-01,
          2.8015512228012085e-01, -1.3882071495056152e+01, 0., 0., 0.,
          1. ]
BroadLeaved_289:
   type: broad_leaved_tree
   width: 1.
   height: 1.
   depth: 1.
   transform: !!opencv-matrix
      rows: 4
      cols: 4
      dt: d
      data: [ 1., 0., 0., 7.9747642517089844e+01, 0.,
          -8.0631005764007568e-01, 5.9149307012557983e-01,
          8.3433090209960938e+01, 0., -5.9149307012557983e-01,
          -8.0631005764007568e-01, -1.4237594604492188e+01, 0., 0., 0.,
          1. ]
BroadLeaved_288:
   type: broad_leaved_tree
   width: 1.
   height: 1.
   depth: 1.
   transform: !!opencv-matrix
      rows: 4
      cols: 4
      dt: d
      data: [ 1., 0., 0., 8.3294067382812500e+01, 0.,
          1.9190078973770142e-01, -9.8141437768936157e-01,
          8.1263801574707031e+01, 0., 9.8141437768936157e-01,
          1.9190078973770142e-01, -1.3529407501220703e+01, 0., 0., 0.,
          1. ]
BroadLeaved_287:
   type: broad_leaved_tree
   width: 1.
   height: 1.
   depth: 1.
   transform: !!opencv-matrix
      rows: 4
      cols: 4
      dt: d
      data: [ 1., 0., 0., 8.2316345214843750e+01, 0.,
          2.7619564533233643e-01, -9.6110141277313232e-01,
          8.0481063842773438e+01, 0., 9.6110141277313232e-01,
          2.7619564533233643e-01, -1.3529407501220703e+01, 0., 0., 0.,
          1. ]
BroadLeaved_286:
   type: broad_leaved_tree
   width: 1.
   height: 1.
   depth: 1.
   transform: !!opencv-matrix
      rows: 4
      cols: 4
      dt: d
      data: [ 1., 0., 0., 7.9832237243652344e+01, 0.,
          -9.8032307624816895e-01, 1.9739925861358643e-01,
          7.9747634887695312e+01, 0., -1.9739925861358643e-01,
          -9.8032307624816895e-01, -1.3875371932983398e+01, 0., 0., 0.,
          1. ]
BroadLeaved_285:
   type: broad_leaved_tree
   width: 1.
   height: 1.
   depth: 1.
   transform: !!opencv-matrix
      rows: 4
      cols: 4
      dt: d
      data: [ 1., 0., 0., 7.9971252441406250e+01, 0.,
          -8.8164651393890381e-01, -4.7191032767295837e-01,
          7.7919860839843750e+01, 0., 4.7191032767295837e-01,
          -8.8164651393890381e-01, -1.3848661422729492e+01, 0., 0., 0.,
          1. ]
BroadLeaved_284:
   type: broad_leaved_tree
   width: 1.
   height: 1.
   depth: 1.
   transform: !!opencv-matrix
      rows: 4
      cols: 4
      dt: d
      data: [ 1., 0., 0., 7.8234703063964844e+01, 0.,
          -8.8415443897247314e-01, -4.6719491481781006e-01,
          8.0481063842773438e+01, 0., 4.6719491481781006e-01,
          -8.8415443897247314e-01, -1.4182351112365723e+01, 0., 0., 0.,
          1. ]
BroadLeaved_283:
   type: broad_leaved_tree
   width: 1.
   height: 1.
   depth: 1.
   transform: !!opencv-matrix
      rows: 4
      cols: 4
      dt: d
      data: [ 1., 0., 0., 7.5354408264160156e+01, 0.,
          -9.5979237556457520e-01, -2.8071063756942749e-01,
          7.9832229614257812e+01, 0., 2.8071063756942749e-01,
          -9.5979237556457520e-01, -1.4389852523803711e+01, 0., 0., 0.,
          1. ]
BroadLeaved_282:
   type: broad_leaved_tree
   width: 1.
   height: 1.
   depth: 1.
   transform: !!opencv-matrix
      rows: 4
      cols: 4
      dt: d
      data: [ 1., 0., 0., 7.3838241577148438e+01, 0.,
          9.9396326905116439e-01, 1.0971335321664810e-01,
          7.9212425231933594e+01, 0., -1.0971335321664810e-01,
          9.9396326905116439e-01, -1.4635006904602051e+01, 0., 0., 0.,
          1. ]
BroadLeaved_281:
   type: broad_leaved_tree
   width: 1.
   height: 1.
   depth: 1.
   transform: !!opencv-matrix
      rows: 4
      cols: 4
      dt: d
      data: [ 1., 0., 0., 7.4153076171875000e+01, 0.,
          5.3214490413665771e-02, -9.9858307838439941e-01,
          7.6399429321289062e+01, 0., 9.9858307838439941e-01,
          5.3214490413665771e-02, -1.4574505805969238e+01, 0., 0., 0.,
          1. ]
BroadLeaved_280:
   type: broad_leaved_tree
   width: 1.
   height: 1.
   depth: 1.
   transform: !!opencv-matrix
      rows: 4
      cols: 4
      dt: d
      data: [ 1., 0., 0., 7.5354408264160156e+01, 0.,
          9.8228059522807598e-01, -1.8741619586944580e-01,
          7.1668960571289062e+01, 0., 1.8741619586944580e-01,
          9.8228059522807598e-01, -1.3674116134643555e+01, 0., 0., 0.,
          1. ]
BroadLeaved_279:
   type: broad_leaved_tree
   width: 1.
   height: 1.
   depth: 1.
   transform: !!opencv-matrix
      rows: 4
      cols: 4
      dt: d
      data: [ 1., 0., 0., 4.1185173034667969e+01, 0.,
          -3.5565018653869629e-02, -9.9936741590499878e-01,
          9.1457321166992188e+01, 0., 9.9936741590499878e-01,
          -3.5565018653869629e-02, -1.4958163261413574e+01, 0., 0., 0.,
          1. ]
BroadLeaved_278:
   type: broad_leaved_tree
   width: 1.
   height: 1.
   depth: 1.
   transform: !!opencv-matrix
      rows: 4
      cols: 4
      dt: d
      data: [ 1., 0., 0., 4.9663276672363281e+01, 0.,
          -9.9905598163604736e-01, -4.3443735688924789e-02,
          9.2725967407226562e+01, 0., 4.3443735688924789e-02,
          -9.9905598163604736e-01, -1.4961904525756836e+01, 0., 0., 0.,
          1. ]
BroadLeaved_277:
   type: broad_leaved_tree
   width: 1.
   height: 1.
   depth: 1.
   transform: !!opencv-matrix
      rows: 4
      cols: 4
      dt: d
      data: [ 1., 0., 0., 4.7094581604003906e+01, 0.,
          8.3735704421997070e-01, 5.4665637016296387e-01,
          9.1596359252929688e+01, 0., -5.4665637016296387e-01,
          8.3735704421997070e-01, -1.4961906433105469e+01, 0., 0., 0.,
          1. ]
BroadLeaved_276:
   type: broad_leaved_tree
   width: 1.
   height: 1.
   depth: 1.
   transform: !!opencv-matrix
      rows: 4
      cols: 4
      dt: d
      data: [ 1., 0., 0., 4.9348438262939453e+01, 0.,
          8.4429889917373657e-01, 5.3587251901626587e-01,
          9.1457321166992188e+01, 0., -5.3587251901626587e-01,
          8.4429889917373657e-01, -1.4961904525756836e+01, 0., 0., 0.,
          1. ]
BroadLeaved_275:
   type: broad_leaved_tree
   width: 1.
   height: 1.
   depth: 1.
   transform: !!opencv-matrix
      rows: 4
      cols: 4
      dt: d
      data: [ 1., 0., 0., 5.0131179809570312e+01, 0.,
          9.9494119733572006e-01, -1.0045901685953140e-01,
          8.6397964477539062e+01, 0., 1.0045901685953140e-01,
          9.9494119733572006e-01, -1.4961904525756836e+01, 0., 0., 0.,
          1. ]
BroadLeaved_274:
   type: broad_leaved_tree
   width: 1.
   height: 1.
   depth: 1.
   transform: !!opencv-matrix
      rows: 4
      cols: 4
      dt: d
      data: [ 1., 0., 0., 4.3012950897216797e+01, 0.,
          6.7618307471275330e-01, 7.3673361539840698e-01,
          9.5677986145019531e+01, 0., -7.3673361539840698e-01,
          6.7618307471275330e-01, -1.4946807861328125e+01, 0., 0., 0.,
          1. ]
BroadLeaved_273:
   type: broad_leaved_tree
   width: 1.
   height: 1.
   depth: 1.
   transform: !!opencv-matrix
      rows: 4
      cols: 4
      dt: d
      data: [ 1., 0., 0., 4.3236560821533203e+01, 0.,
          9.1676362603902817e-01, 3.9943015575408936e-01,
          9.4246398925781250e+01, 0., -3.9943015575408936e-01,
          9.1676362603902817e-01, -1.4857776641845703e+01, 0., 0., 0.,
          1. ]
BroadLeaved_272:
   type: broad_leaved_tree
   width: 1.
   height: 1.
   depth: 1.
   transform: !!opencv-matrix
      rows: 4
      cols: 4
      dt: d
      data: [ 1., 0., 0., 4.5581645965576172e+01, 0.,
          -9.9825179576873779e-01, -5.9103328734636307e-02,
          9.6807594299316406e+01, 0., 5.9103328734636307e-02,
          -9.9825179576873779e-01, -1.4961904525756836e+01, 0., 0., 0.,
          1. ]
BroadLeaved_271:
   type: broad_leaved_tree
   width: 1.
   height: 1.
   depth: 1.
   transform: !!opencv-matrix
      rows: 4
      cols: 4
      dt: d
      data: [ 1., 0., 0., -7.5269821166992188e+01, 0.,
          -2.9935610294342041e-01, -9.5414149761199951e-01,
          -8.3517684936523438e+01, 0., 9.5414149761199951e-01,
          -2.9935610294342041e-01, -1.1306279182434082e+01, 0., 0., 0.,
          1. ]
BroadLeaved_270:
   type: broad_leaved_tree
   width: 1.
   height: 1.
   depth: 1.
   transform: !!opencv-matrix
      rows: 4
      cols: 4
      dt: d
      data: [ 1., 0., 0., -7.7182174682617188e+01, 0.,
          7.7936583757400513e-01, 6.2656915187835693e-01,
          -7.9971252441406250e+01, 0., -6.2656915187835693e-01,
          7.7936583757400513e-01, -1.1126957893371582e+01, 0., 0., 0.,
          1. ]
BroadLeaved_269:
   type: broad_leaved_tree
   width: 1.
   height: 1.
   depth: 1.
   transform: !!opencv-matrix
      rows: 4
      cols: 4
      dt: d
      data: [ 1., 0., 0., -7.8702613830566406e+01, 0.,
          3.4551590681076050e-01, -9.3841290473937988e-01,
          -8.2316345214843750e+01, 0., 9.3841290473937988e-01,
          3.4551590681076050e-01, -1.1903030395507812e+01, 0., 0., 0.,
          1. ]
BroadLeaved_268:
   type: broad_leaved_tree
   width: 1.
   height: 1.
   depth: 1.
   transform: !!opencv-matrix
      rows: 4
      cols: 4
      dt: d
      data: [ 1., 0., 0., -7.9747642517089844e+01, 0.,
          4.8900985717773438e-01, -8.7227827310562134e-01,
          -7.9351455688476562e+01, 0., 8.7227827310562134e-01,
          4.8900985717773438e-01, -1.1541572570800781e+01, 0., 0., 0.,
          1. ]
BroadLeaved_267:
   type: broad_leaved_tree
   width: 1.
   height: 1.
   depth: 1.
   transform: !!opencv-matrix
      rows: 4
      cols: 4
      dt: d
      data: [ 1., 0., 0., -7.9971252441406250e+01, 0.,
          8.4289029240608215e-01, 5.3808546066284180e-01,
          -7.7919868469238281e+01, 0., -5.3808546066284180e-01,
          8.4289029240608215e-01, -1.1264928817749023e+01, 0., 0., 0.,
          1. ]
BroadLeaved_266:
   type: broad_leaved_tree
   width: 1.
   height: 1.
   depth: 1.
   transform: !!opencv-matrix
      rows: 4
      cols: 4
      dt: d
      data: [ 1., 0., 0., -7.6867340087890625e+01, 0.,
          3.0169802904129028e-01, 9.5340353250503540e-01,
          -7.4620979309082031e+01, 0., -9.5340353250503540e-01,
          3.0169802904129028e-01, -9.7359027862548828e+00, 0., 0., 0.,
          1. ]
BroadLeaved_265:
   type: broad_leaved_tree
   width: 1.
   height: 1.
   depth: 1.
   transform: !!opencv-matrix
      rows: 4
      cols: 4
      dt: d
      data: [ 1., 0., 0., -7.9747634887695312e+01, 0.,
          1.2443459033966064e-01, -9.9222785234451294e-01,
          -7.5269821166992188e+01, 0., 9.9222785234451294e-01,
          1.2443459033966064e-01, -1.0721862792968750e+01, 0., 0., 0.,
          1. ]
BroadLeaved_264:
   type: broad_leaved_tree
   width: 1.
   height: 1.
   depth: 1.
   transform: !!opencv-matrix
      rows: 4
      cols: 4
      dt: d
      data: [ 1., 0., 0., -8.5345428466796875e+01, 0.,
          -9.8036026954650879e-01, -1.9721503555774689e-01,
          -7.1807983398437500e+01, 0., 1.9721503555774689e-01,
          -9.8036026954650879e-01, -1.0056818008422852e+01, 0., 0., 0.,
          1. ]
BroadLeaved_263:
   type: broad_leaved_tree
   width: 1.
   height: 1.
   depth: 1.
   transform: !!opencv-matrix
      rows: 4
      cols: 4
      dt: d
      data: [ 1., 0., 0., -8.4562690734863281e+01, 0.,
          -5.5919790267944336e-01, 8.2903420925140381e-01,
          -7.2785713195800781e+01, 0., -8.2903420925140381e-01,
          -5.5919790267944336e-01, -1.0152179718017578e+01, 0., 0., 0.,
          1. ]
BroadLeaved_262:
   type: broad_leaved_tree
   width: 1.
   height: 1.
   depth: 1.
   transform: !!opencv-matrix
      rows: 4
      cols: 4
      dt: d
      data: [ 1., 0., 0., -7.1584381103515625e+01, 0.,
          4.5323371887207031e-01, 8.9139169454574585e-01,
          -5.4861663818359375e+01, 0., -8.9139169454574585e-01,
          4.5323371887207031e-01, -2.7748343944549561e+00, 0., 0., 0.,
          1. ]
BroadLeaved_261:
   type: broad_leaved_tree
   width: 1.
   height: 1.
   depth: 1.
   transform: !!opencv-matrix
      rows: 4
      cols: 4
      dt: d
      data: [ 1., 0., 0., -7.5130790710449219e+01, 0.,
          -4.8678886890411377e-01, -8.7351971864700317e-01,
          -5.6774013519287109e+01, 0., 8.7351971864700317e-01,
          -4.8678886890411377e-01, -4.3641767501831055e+00, 0., 0., 0.,
          1. ]
BroadLeaved_260:
   type: broad_leaved_tree
   width: 1.
   height: 1.
   depth: 1.
   transform: !!opencv-matrix
      rows: 4
      cols: 4
      dt: d
      data: [ 1., 0., 0., -7.2785713195800781e+01, 0.,
          -3.4889042377471924e-01, -9.3716359138488770e-01,
          -5.8294452667236328e+01, 0., 9.3716359138488770e-01,
          -3.4889042377471924e-01, -3.3710355758666992e+00, 0., 0., 0.,
          1. ]
BroadLeaved_259:
   type: broad_leaved_tree
   width: 1.
   height: 1.
   depth: 1.
   transform: !!opencv-matrix
      rows: 4
      cols: 4
      dt: d
      data: [ 1., 0., 0., -7.5354408264160156e+01, 0.,
          -4.6946322917938232e-01, -8.8295203447341919e-01,
          -6.7587326049804688e+01, 0., 8.8295203447341919e-01,
          -4.6946322917938232e-01, -5.7671012878417969e+00, 0., 0., 0.,
          1. ]
BroadLeaved_258:
   type: broad_leaved_tree
   width: 1.
   height: 1.
   depth: 1.
   transform: !!opencv-matrix
      rows: 4
      cols: 4
      dt: d
      data: [ 1., 0., 0., -7.3100540161132812e+01, 0.,
          6.1700838804244995e-01, 7.8695654869079590e-01,
          -6.7726348876953125e+01, 0., -7.8695654869079590e-01,
          6.1700838804244995e-01, -4.9775624275207520e+00, 0., 0., 0.,
          1. ]
BroadLeaved_257:
   type: broad_leaved_tree
   width: 1.
   height: 1.
   depth: 1.
   transform: !!opencv-matrix
      rows: 4
      cols: 4
      dt: d
      data: [ 1., 0., 0., -7.6867340087890625e+01, 0.,
          3.6520785093307495e-01, 9.3092602491378784e-01,
          -5.0131179809570312e+01, 0., -9.3092602491378784e-01,
          3.6520785093307495e-01, -5.6085710525512695e+00, 0., 0., 0.,
          1. ]
BroadLeaved_256:
   type: broad_leaved_tree
   width: 1.
   height: 1.
   depth: 1.
   transform: !!opencv-matrix
      rows: 4
      cols: 4
      dt: d
      data: [ 1., 0., 0., -7.5666007995605469e+01, 0.,
          -9.8529291152954102e-01, -1.7087447643280029e-01,
          -6.3024929046630859e+01, 0., 1.7087447643280029e-01,
          -9.8529291152954102e-01, -4.9368281364440918e+00, 0., 0., 0.,
          1. ]
BroadLeaved_255:
   type: broad_leaved_tree
   width: 1.
   height: 1.
   depth: 1.
   transform: !!opencv-matrix
      rows: 4
      cols: 4
      dt: d
      data: [ 1., 0., 0., -7.9212425231933594e+01, 0.,
          5.1392379403114319e-01, -8.5783582925796509e-01,
          -6.9018913269042969e+01, 0., 8.5783582925796509e-01,
          5.1392379403114319e-01, -8.6057586669921875e+00, 0., 0., 0.,
          1. ]
BroadLeaved_254:
   type: broad_leaved_tree
   width: 1.
   height: 1.
   depth: 1.
   transform: !!opencv-matrix
      rows: 4
      cols: 4
      dt: d
      data: [ 1., 0., 0., -8.2316337585449219e+01, 0.,
          -9.8385107517242432e-01, 1.7898875474929810e-01,
          -5.5991271972656250e+01, 0., -1.7898875474929810e-01,
          -9.8385107517242432e-01, -7.3862714767456055e+00, 0., 0., 0.,
          1. ]
BroadLeaved_253:
   type: broad_leaved_tree
   width: 1.
   height: 1.
   depth: 1.
   transform: !!opencv-matrix
      rows: 4
      cols: 4
      dt: d
      data: [ 1., 0., 0., -7.9832229614257812e+01, 0.,
          6.7413201928138733e-01, -7.3861086368560791e-01,
          -5.5257846832275391e+01, 0., 7.3861086368560791e-01,
          6.7413201928138733e-01, -6.9311890602111816e+00, 0., 0., 0.,
          1. ]
BroadLeaved_252:
   type: broad_leaved_tree
   width: 1.
   height: 1.
   depth: 1.
   transform: !!opencv-matrix
      rows: 4
      cols: 4
      dt: d
      data: [ 1., 0., 0., -8.1263801574707031e+01, 0.,
          6.8305814266204834e-01, 7.3036396503448486e-01,
          -6.3644725799560547e+01, 0., -7.3036396503448486e-01,
          6.8305814266204834e-01, -7.7129049301147461e+00, 0., 0., 0.,
          1. ]
BroadLeaved_251:
   type: broad_leaved_tree
   width: 1.
   height: 1.
   depth: 1.
   transform: !!opencv-matrix
      rows: 4
      cols: 4
      dt: d
      data: [ 1., 0., 0., -8.6865875244140625e+01, 0.,
          9.2839479446411133e-02, -9.9568104743957520e-01,
          -4.9663276672363281e+01, 0., 9.9568104743957520e-01,
          9.2839479446411133e-02, -1.1014547348022461e+01, 0., 0., 0.,
          1. ]
BroadLeaved_250:
   type: broad_leaved_tree
   width: 1.
   height: 1.
   depth: 1.
   transform: !!opencv-matrix
      rows: 4
      cols: 4
      dt: d
      data: [ 1., 0., 0., -8.7514724731445312e+01, 0.,
          7.7226553857326508e-01, 6.3529986143112183e-01,
          -5.4946250915527344e+01, 0., -6.3529986143112183e-01,
          7.7226553857326508e-01, -1.0476075172424316e+01, 0., 0., 0.,
          1. ]
BroadLeaved_249:
   type: broad_leaved_tree
   width: 1.
   height: 1.
   depth: 1.
   transform: !!opencv-matrix
      rows: 4
      cols: 4
      dt: d
      data: [ 1., 0., 0., -8.4052879333496094e+01, 0.,
          3.9392197132110596e-01, 9.1914385557174683e-01,
          -5.7511711120605469e+01, 0., -9.1914385557174683e-01,
          3.9392197132110596e-01, -7.6470518112182617e+00, 0., 0., 0.,
          1. ]
BroadLeaved_248:
   type: broad_leaved_tree
   width: 1.
   height: 1.
   depth: 1.
   transform: !!opencv-matrix
      rows: 4
      cols: 4
      dt: d
      data: [ 1., 0., 0., -8.6397964477539062e+01, 0.,
          1.6423660516738892e-01, 9.8642092943191528e-01,
          -6.4154541015625000e+01, 0., -9.8642092943191528e-01,
          1.6423660516738892e-01, -8.1725521087646484e+00, 0., 0., 0.,
          1. ]
BroadLeaved_247:
   type: broad_leaved_tree
   width: 1.
   height: 1.
   depth: 1.
   transform: !!opencv-matrix
      rows: 4
      cols: 4
      dt: d
      data: [ 1., 0., 0., -8.7995483398437500e+01, 0.,
          9.8312137648463249e-01, -1.8295451998710632e-01,
          -6.3421115875244141e+01, 0., 1.8295451998710632e-01,
          9.8312137648463249e-01, -9.3618059158325195e+00, 0., 0., 0.,
          1. ]
BroadLeaved_246:
   type: broad_leaved_tree
   width: 1.
   height: 1.
   depth: 1.
   transform: !!opencv-matrix
      rows: 4
      cols: 4
      dt: d
      data: [ 1., 0., 0., -9.0164764404296875e+01, 0.,
          6.4153587818145752e-01, -7.6709300279617310e-01,
          -6.6967529296875000e+01, 0., 7.6709300279617310e-01,
          6.4153587818145752e-01, -1.1173340797424316e+01, 0., 0., 0.,
          1. ]
BroadLeaved_245:
   type: broad_leaved_tree
   width: 1.
   height: 1.
   depth: 1.
   transform: !!opencv-matrix
      rows: 4
      cols: 4
      dt: d
      data: [ 1., 0., 0., -9.0947509765625000e+01, 0.,
          9.1468019038438797e-01, 4.0417838096618652e-01,
          -6.5989807128906250e+01, 0., -4.0417838096618652e-01,
          9.1468019038438797e-01, -1.1815834999084473e+01, 0., 0., 0.,
          1. ]
BroadLeaved_244:
   type: broad_leaved_tree
   width: 1.
   height: 1.
   depth: 1.
   transform: !!opencv-matrix
      rows: 4
      cols: 4
      dt: d
      data: [ 1., 0., 0., -9.1992538452148438e+01, 0.,
          -9.6205079555511475e-01, 2.7287083864212036e-01,
          -6.7106559753417969e+01, 0., -2.7287083864212036e-01,
          -9.6205079555511475e-01, -1.3359352111816406e+01, 0., 0., 0.,
          1. ]
BroadLeaved_243:
   type: broad_leaved_tree
   width: 1.
   height: 1.
   depth: 1.
   transform: !!opencv-matrix
      rows: 4
      cols: 4
      dt: d
      data: [ 1., 0., 0., -8.1263801574707031e+01, 0.,
          4.2408841848373413e-01, 9.0562081336975098e-01,
          -4.3236557006835938e+01, 0., -9.0562081336975098e-01,
          4.2408841848373413e-01, -9.1589689254760742e+00, 0., 0., 0.,
          1. ]
BroadLeaved_242:
   type: broad_leaved_tree
   width: 1.
   height: 1.
   depth: 1.
   transform: !!opencv-matrix
      rows: 4
      cols: 4
      dt: d
      data: [ 1., 0., 0., -4.5581645965576172e+01, 0.,
          -8.7049293518066406e-01, -4.9218103289604187e-01,
          -8.0481071472167969e+01, 0., 4.9218103289604187e-01,
          -8.7049293518066406e-01, -8.5563526153564453e+00, 0., 0., 0.,
          1. ]
BroadLeaved_241:
   type: broad_leaved_tree
   width: 1.
   height: 1.
   depth: 1.
   transform: !!opencv-matrix
      rows: 4
      cols: 4
      dt: d
      data: [ 1., 0., 0., -4.3012947082519531e+01, 0.,
          8.7698686122894287e-01, -4.8051434755325317e-01,
          -8.3433097839355469e+01, 0., 4.8051434755325317e-01,
          8.7698686122894287e-01, -8.9466600418090820e+00, 0., 0., 0.,
          1. ]
BroadLeaved_240:
   type: broad_leaved_tree
   width: 1.
   height: 1.
   depth: 1.
   transform: !!opencv-matrix
      rows: 4
      cols: 4
      dt: d
      data: [ 1., 0., 0., -5.0640998840332031e+01, 0.,
          4.0813857316970825e-01, -9.1291999816894531e-01,
          -7.7182174682617188e+01, 0., 9.1291999816894531e-01,
          4.0813857316970825e-01, -7.5057444572448730e+00, 0., 0., 0.,
          1. ]
BroadLeaved_239:
   type: broad_leaved_tree
   width: 1.
   height: 1.
   depth: 1.
   transform: !!opencv-matrix
      rows: 4
      cols: 4
      dt: d
      data: [ 1., 0., 0., -4.8295913696289062e+01, 0.,
          9.7093325480818748e-01, 2.3935040831565857e-01,
          -7.8702613830566406e+01, 0., -2.3935040831565857e-01,
          9.7093325480818748e-01, -8.0886793136596680e+00, 0., 0., 0.,
          1. ]
BroadLeaved_238:
   type: broad_leaved_tree
   width: 1.
   height: 1.
   depth: 1.
   transform: !!opencv-matrix
      rows: 4
      cols: 4
      dt: d
      data: [ 1., 0., 0., -4.7094581604003906e+01, 0.,
          5.0465628504753113e-01, -8.6332035064697266e-01,
          -7.9351455688476562e+01, 0., 8.6332035064697266e-01,
          5.0465628504753113e-01, -8.4218502044677734e+00, 0., 0., 0.,
          1. ]
BroadLeaved_237:
   type: broad_leaved_tree
   width: 1.
   height: 1.
   depth: 1.
   transform: !!opencv-matrix
      rows: 4
      cols: 4
      dt: d
      data: [ 1., 0., 0., -4.9348438262939453e+01, 0.,
          9.9461635854095221e-01, 1.0362576693296432e-01,
          -8.7375701904296875e+01, 0., -1.0362576693296432e-01,
          9.9461635854095221e-01, -9.9695434570312500e+00, 0., 0., 0.,
          1. ]
BroadLeaved_236:
   type: broad_leaved_tree
   width: 1.
   height: 1.
   depth: 1.
   transform: !!opencv-matrix
      rows: 4
      cols: 4
      dt: d
      data: [ 1., 0., 0., -5.2377540588378906e+01, 0.,
          -1.7876064777374268e-01, 9.8389261960983276e-01,
          -8.2784248352050781e+01, 0., -9.8389261960983276e-01,
          -1.7876064777374268e-01, -7.3110408782958984e+00, 0., 0., 0.,
          1. ]
BroadLeaved_235:
   type: broad_leaved_tree
   width: 1.
   height: 1.
   depth: 1.
   transform: !!opencv-matrix
      rows: 4
      cols: 4
      dt: d
      data: [ 1., 0., 0., -5.1176208496093750e+01, 0.,
          9.4516711682081223e-01, 3.2658708095550537e-01,
          -8.3433097839355469e+01, 0., -3.2658708095550537e-01,
          9.4516711682081223e-01, -7.6977620124816895e+00, 0., 0., 0.,
          1. ]
BroadLeaved_234:
   type: broad_leaved_tree
   width: 1.
   height: 1.
   depth: 1.
   transform: !!opencv-matrix
      rows: 4
      cols: 4
      dt: d
      data: [ 1., 0., 0., -5.3430068969726562e+01, 0.,
          8.6946372687816620e-01, 4.9399676918983459e-01,
          -8.3294067382812500e+01, 0., -4.9399676918983459e-01,
          8.6946372687816620e-01, -7.4304027557373047e+00, 0., 0., 0.,
          1. ]
BroadLeaved_233:
   type: broad_leaved_tree
   width: 1.
   height: 1.
   depth: 1.
   transform: !!opencv-matrix
      rows: 4
      cols: 4
      dt: d
      data: [ 1., 0., 0., -5.1909637451171875e+01, 0.,
          3.2696813344955444e-01, 9.4503539800643921e-01,
          -8.5030616760253906e+01, 0., -9.4503539800643921e-01,
          3.2696813344955444e-01, -8.3525562286376953e+00, 0., 0., 0.,
          1. ]
BroadLeaved_232:
   type: broad_leaved_tree
   width: 1.
   height: 1.
   depth: 1.
   transform: !!opencv-matrix
      rows: 4
      cols: 4
      dt: d
      data: [ 1., 0., 0., -5.1176208496093750e+01, 0.,
          -1.8505966663360596e-01, 9.8272722959518433e-01,
          -8.7514732360839844e+01, 0., -9.8272722959518433e-01,
          -1.8505966663360596e-01, -1.0088422775268555e+01, 0., 0., 0.,
          1. ]
BroadLeaved_231:
   type: broad_leaved_tree
   width: 1.
   height: 1.
   depth: 1.
   transform: !!opencv-matrix
      rows: 4
      cols: 4
      dt: d
      data: [ 1., 0., 0., -5.2692375183105469e+01, 0.,
          9.9899460934102535e-01, 4.4830463826656342e-02,
          -8.8134521484375000e+01, 0., -4.4830463826656342e-02,
          9.9899460934102535e-01, -1.0253557205200195e+01, 0., 0., 0.,
          1. ]
BroadLeaved_230:
   type: broad_leaved_tree
   width: 1.
   height: 1.
   depth: 1.
   transform: !!opencv-matrix
      rows: 4
      cols: 4
      dt: d
      data: [ 1., 0., 0., -5.4212814331054688e+01, 0.,
          9.3241645395755768e-01, 3.6138561367988586e-01,
          -9.0479606628417969e+01, 0., -3.6138561367988586e-01,
          9.3241645395755768e-01, -1.1212510108947754e+01, 0., 0., 0.,
          1. ]
BroadLeaved_229:
   type: broad_leaved_tree
   width: 1.
   height: 1.
   depth: 1.
   transform: !!opencv-matrix
      rows: 4
      cols: 4
      dt: d
      data: [ 1., 0., 0., -5.5342426300048828e+01, 0.,
          5.5779105424880981e-01, 8.2998138666152954e-01,
          -7.5666007995605469e+01, 0., -8.2998138666152954e-01,
          5.5779105424880981e-01, -6.0880861282348633e+00, 0., 0., 0.,
          1. ]
BroadLeaved_228:
   type: broad_leaved_tree
   width: 1.
   height: 1.
   depth: 1.
   transform: !!opencv-matrix
      rows: 4
      cols: 4
      dt: d
      data: [ 1., 0., 0., -6.2885902404785156e+01, 0.,
          -9.2732787132263184e-02, -9.9569100141525269e-01,
          -7.7182174682617188e+01, 0., 9.9569100141525269e-01,
          -9.2732787132263184e-02, -3.8768169879913330e+00, 0., 0., 0.,
          1. ]
BroadLeaved_227:
   type: broad_leaved_tree
   width: 1.
   height: 1.
   depth: 1.
   transform: !!opencv-matrix
      rows: 4
      cols: 4
      dt: d
      data: [ 1., 0., 0., -6.1908180236816406e+01, 0.,
          9.8950045183300972e-01, 1.4452977478504181e-01,
          -8.8644340515136719e+01, 0., -1.4452977478504181e-01,
          9.8950045183300972e-01, -9.8690958023071289e+00, 0., 0., 0.,
          1. ]
BroadLeaved_226:
   type: broad_leaved_tree
   width: 1.
   height: 1.
   depth: 1.
   transform: !!opencv-matrix
      rows: 4
      cols: 4
      dt: d
      data: [ 1., 0., 0., -6.3109516143798828e+01, 0.,
          9.8507463093847036e-01, -1.7212776839733124e-01,
          -8.7995498657226562e+01, 0., 1.7212776839733124e-01,
          9.8507463093847036e-01, -9.1719093322753906e+00, 0., 0., 0.,
          1. ]
BroadLeaved_225:
   type: broad_leaved_tree
   width: 1.
   height: 1.
   depth: 1.
   transform: !!opencv-matrix
      rows: 4
      cols: 4
      dt: d
      data: [ 1., 0., 0., -6.0855648040771484e+01, 0.,
          -7.1839249134063721e-01, 6.9563788175582886e-01,
          -8.8134521484375000e+01, 0., -6.9563788175582886e-01,
          -7.1839249134063721e-01, -9.1765813827514648e+00, 0., 0., 0.,
          1. ]
BroadLeaved_224:
   type: broad_leaved_tree
   width: 1.
   height: 1.
   depth: 1.
   transform: !!opencv-matrix
      rows: 4
      cols: 4
      dt: d
      data: [ 1., 0., 0., -7.0071441650390625e+01, 0.,
          6.7872738838195801e-01, -7.3439031839370728e-01,
          -7.6399429321289062e+01, 0., 7.3439031839370728e-01,
          6.7872738838195801e-01, -6.9730224609375000e+00, 0., 0., 0.,
          1. ]
BroadLeaved_223:
   type: broad_leaved_tree
   width: 1.
   height: 1.
   depth: 1.
   transform: !!opencv-matrix
      rows: 4
      cols: 4
      dt: d
      data: [ 1., 0., 0., -5.9027877807617188e+01, 0.,
          -7.6293861865997314e-01, 6.4647096395492554e-01,
          -7.1668960571289062e+01, 0., -6.4647096395492554e-01,
          -7.6293861865997314e-01, -3.1061768531799316e+00, 0., 0., 0.,
          1. ]
BroadLeaved_222:
   type: broad_leaved_tree
   width: 1.
   height: 1.
   depth: 1.
   transform: !!opencv-matrix
      rows: 4
      cols: 4
      dt: d
      data: [ 1., 0., 0., -5.0640998840332031e+01, 0.,
          9.8311976157128811e-01, 1.8296320736408234e-01,
          -6.0855648040771484e+01, 0., -1.8296320736408234e-01,
          9.8311976157128811e-01, -1.2390749454498291e+00, 0., 0., 0.,
          1. ]
BroadLeaved_221:
   type: broad_leaved_tree
   width: 1.
   height: 1.
   depth: 1.
   transform: !!opencv-matrix
      rows: 4
      cols: 4
      dt: d
      data: [ 1., 0., 0., -4.7828006744384766e+01, 0.,
          -9.9168407917022705e-01, 1.2869583070278168e-01,
          -6.0540817260742188e+01, 0., -1.2869583070278168e-01,
          -9.9168407917022705e-01, -1.8417315483093262e+00, 0., 0., 0.,
          1. ]
BroadLeaved_220:
   type: broad_leaved_tree
   width: 1.
   height: 1.
   depth: 1.
   transform: !!opencv-matrix
      rows: 4
      cols: 4
      dt: d
